v2.0 raw
7f 8 8 8 7f 00
7f 49 49 41 41 00
7e 1 1 1 1 00
7e 1 1 1 1 00
3e 41 41 41 3e 00
0 d d e 0 00
00 00 00 00 00 00
41 41 7f 41 41 00
00 00 00 00 00 00
3f 48 48 48 3f 00
7f 20 18 20 7f 00
00 00 00 00 00 00
3a 49 49 49 2e 00
3e 41 41 41 3e 00
7e 1 1 1 7e 00
7f 48 4c 4a 31 00
3f 48 48 48 3f 00
3a 49 49 49 2e 00
7f 8 8 8 7f 00
41 41 7f 41 41 00
3a 49 49 49 2e 00
00 00 00 00 00 00
7f 41 41 41 3e 00
3f 48 48 48 3f 00
3a 49 49 49 2e 00
1 0 0 0 0 00
00 00 00 00 00 00
00 00 00 00 00 00
00 00 00 00 00 00
00 00 00 00 00 00
00 00 00 00 00 00
130883*0
00 00 ba
